image: /home/administrator/map.pgm
resolution: 0.050000
origin: [-4.175477, -5.550000, 0.000000]
negate: 0
occupied_thresh: 0.65
free_thresh: 0.196

