image: /home/administrator/map.pgm
resolution: 0.050000
origin: [-2.464267, -4.006448, 0.000000]
negate: 0
occupied_thresh: 0.65
free_thresh: 0.196

